snapshot 09:30:00.000
bids 11
100.00 500
99.99 700
99.98 900
99.97 650
99.96 500
99.95 750
99.94 600
99.93 800
99.92 550
99.91 700
99.90 450
asks 11
100.02 500
100.03 500
100.04 800
100.05 700
100.06 450
100.07 900
100.08 650
100.09 550
100.10 750
100.11 600
100.12 850

snapshot 09:30:00.100
bids 11
100.00 900
99.99 650
99.98 900
99.97 600
99.96 550
99.95 700
99.94 750
99.93 500
99.92 850
99.91 600
99.90 700
asks 11
100.02 100
100.03 550
100.04 800
100.05 650
100.06 500
100.07 850
100.08 600
100.09 750
100.10 550
100.11 700
100.12 450

snapshot 09:30:00.200
bids 11
100.01 100
100.00 700
99.99 850
99.98 650
99.97 500
99.96 750
99.95 600
99.94 800
99.93 550
99.92 700
99.91 450
asks 11
100.03 900
100.04 600
100.05 750
100.06 700
100.07 450
100.08 800
100.09 650
100.10 550
100.11 850
100.12 600
100.13 700
